Please enter the value of the modulus: 
15

Please enter the value of the multiplier: 
3

We're sorry but the gcd of the modulus 15 and the multiplier 3 is not 1 (it is 3).
Please choose a different multiplier such that their gcd is 1. 
7

There are 6 distinct orbits of the multiplier 7 in Z_15
|[0]| = 1        { 0 } 
 
|[1]| = 4        { 1 7 4 13 } 
 
|[2]| = 4        { 2 14 8 11 } 
 
|[3]| = 4        { 3 6 12 9 } 
 
|[5]| = 1        { 5 } 
 
|[10]| = 1       { 10 } 

Time: 0.256 ms

==========================================================================================================

Please enter the value of the modulus: 
399

Please enter the value of the multiplier: 
101

There are 27 distinct orbits of the multiplier 101 in Z_399
|[0]| = 1        { 0 } 
 
|[1]| = 18       { 1 101 226 83 4 5 106 332 16 20 25 131 64 80 100 125 256 320 } 
 
|[2]| = 18       { 2 202 53 166 8 10 212 265 32 40 50 262 128 160 200 250 113 241 } 
 
|[3]| = 18       { 3 303 279 249 12 15 318 198 48 60 75 393 192 240 300 375 369 162 } 
 
|[6]| = 18       { 6 207 159 99 24 30 237 396 96 120 150 387 384 81 201 351 339 324 } 
 
|[7]| = 18       { 7 308 385 182 28 35 343 329 112 140 175 119 49 161 301 77 196 245 } 
 
|[9]| = 18       { 9 111 39 348 36 45 156 195 144 180 225 381 177 321 102 327 309 87 } 
 
|[11]| = 18      { 11 313 92 115 44 55 368 61 176 220 275 244 305 82 302 178 23 328 } 
 
|[13]| = 18      { 13 116 145 281 52 65 181 326 208 260 325 107 34 242 103 29 136 170 } 
 
|[14]| = 18      { 14 217 371 364 56 70 287 259 224 280 350 238 98 322 203 154 392 91 } 
 
|[17]| = 18      { 17 121 251 214 68 85 206 58 272 340 26 232 290 163 104 130 362 253 } 
 
|[18]| = 18      { 18 222 78 297 72 90 312 390 288 360 51 363 354 243 204 255 219 174 } 
 
|[19]| = 6       { 19 323 304 380 76 95 } 
 
|[21]| = 9       { 21 126 357 147 84 105 231 189 336 } 
 
|[22]| = 18      { 22 227 184 230 88 110 337 122 352 41 151 89 211 164 205 356 46 257 } 
 
|[27]| = 18      { 27 333 117 246 108 135 69 186 33 141 276 345 132 165 306 183 129 261 } 
 
|[31]| = 18      { 31 338 223 179 124 155 94 317 97 221 376 71 388 86 307 284 355 344 } 
 
|[37]| = 18      { 37 146 382 278 148 185 331 314 193 341 127 59 373 167 109 236 295 269 } 
 
|[38]| = 6       { 38 247 209 361 152 190 } 
 
|[42]| = 9       { 42 252 315 294 168 210 63 378 273 } 
 
|[43]| = 18      { 43 353 142 377 172 215 169 311 289 62 277 47 358 248 310 188 235 194 } 
 
|[54]| = 18      { 54 267 234 93 216 270 138 372 66 282 153 291 264 330 213 366 258 123 } 
 
|[57]| = 6       { 57 171 114 342 228 285 } 
 
|[67]| = 18      { 67 383 379 374 268 335 319 299 274 143 79 398 298 173 316 395 394 293 } 
 
|[73]| = 18      { 73 191 139 74 292 365 157 296 370 263 229 386 283 254 118 347 334 218 } 
 
|[133]| = 2      { 133 266 } 
 
|[134]| = 18     { 134 367 359 349 137 271 239 199 149 286 158 397 197 346 233 391 389 187 } 

Time: 6.476 ms

==========================================================================================================

Please enter the value of the modulus: 
10889

Please enter the value of the multiplier: 
566

There are 9 distinct orbits of the multiplier 566 in Z_10889
|[0]| = 1        { 0 } 
 
|[1]| = 1361     { 1 566 4575 8757 1967 2644 4711 9510 3494 6695 10887 9757 1739 4264 6955 5601 1467 2758 3901 8388 4 2264 7411 2361 7868 10576 7955 5373 3087 5002 10881 6361 6956 6167 6042 626 5868 143 4715 885 16 9056 7866 9444 9694 9637 10042 10603 1459 9119 10857 3666 6046 2890 2390 2504 1694 572 7971 3540 64 3557 9686 5109 6109 5881 7501 9745 5836 3809 10761 3775 2406 671 9560 10016 6776 2288 10106 3271 256 3339 6077 9547 2658 1746 8226 6313 1566 4347 10377 4211 9624 2684 5573 7397 5326 9152 7757 2195 1024 2467 2530 5521 10632 6984 237 3474 6264 6499 8841 5955 5829 10736 514 7810 10415 3941 9250 8780 4096 9868 10120 306 9861 6158 948 3007 3278 4218 2697 2042 1538 10277 2056 9462 8993 4875 4333 2453 5495 6805 7813 1224 6777 2854 3792 1139 2223 5983 10788 8168 6152 8441 8224 5181 3305 8611 6443 9812 202 5442 9474 4896 5330 527 4279 4556 8892 2154 10485 5 2830 1097 229 9835 2331 1777 3994 6581 808 10879 5229 8695 10431 2108 6227 7335 2901 8616 9273 20 431 4388 916 6673 9324 7108 5087 4546 3232 10849 10027 2113 9057 8432 3130 7562 715 1797 4425 80 1724 6663 3664 4914 4629 6654 9459 7295 2039 10729 7441 8452 3561 1061 1631 8470 2860 7188 6811 320 6896 4874 3767 8767 7627 4838 5169 7402 8156 10249 7986 1141 3355 4244 6524 1213 551 6974 5466 1280 5806 8607 4179 2401 8730 8463 9787 7830 10846 8329 10166 4564 2531 6087 4318 4852 2204 6118 86 5120 1446 1761 5827 9604 2253 1185 6481 9542 10717 649 7997 7367 10124 2570 6383 8519 8816 2694 344 9591 5784 7044 1530 5749 9012 4740 4146 5501 10201 2596 10210 7690 7829 10280 3754 1409 2597 10776 1376 5697 1358 6398 6120 1218 3381 8071 5695 226 8137 10384 8173 8982 9538 8453 4127 5636 10388 10437 5504 1010 5432 3814 2702 4872 2635 10506 1002 904 10770 8869 25 3261 5485 1145 5619 766 8885 9081 238 4040 10839 4367 10808 8599 10540 9357 4008 3616 10413 2809 100 2155 162 4580 698 3064 2873 3657 952 5271 10689 6579 10565 1729 9493 4761 5143 3575 8985 347 400 8620 648 7431 2792 1367 603 3739 3808 10195 10089 4538 9593 6916 5305 8155 9683 3411 3273 1388 1600 1813 2592 7946 279 5468 2412 4067 4343 8113 7689 7263 5705 5886 10331 10842 6065 2755 2203 5552 6400 7252 10368 10006 1116 94 9648 5379 6483 10674 8978 7274 1042 1766 8657 10701 2482 131 8812 430 3822 7230 8805 7357 4464 376 5925 10627 4154 10029 3245 7318 4168 7064 1961 10137 9928 524 2581 1720 4399 7142 2553 7650 6967 1504 1922 9841 5727 7449 2091 7494 5783 6478 7844 7881 7045 2096 10324 6880 6707 6790 10212 8822 6090 6016 7688 6697 1130 8018 8364 8198 1354 4134 9598 9746 6402 8384 8629 5742 5050 5382 8181 2621 2582 2286 8974 5010 4520 10294 789 125 5416 5647 5725 6317 3830 869 1849 1190 9311 10639 57 10484 10328 9144 3229 9151 7191 8509 3156 500 10775 810 1122 3490 4431 3476 7396 4760 4577 9889 228 9269 8645 3909 2027 3937 6986 1369 1735 2000 10433 3240 4488 3071 6835 3015 7806 8151 7419 6889 912 4409 1913 4747 8108 4859 6166 5476 6940 8000 9065 2071 7063 1395 5562 1171 9446 10826 7898 5778 3648 6747 7652 8099 10654 8547 2886 126 5982 10222 3593 8284 6474 5580 470 4684 5117 10637 9814 1334 3703 5210 8830 10618 9949 1521 655 504 2150 8221 3483 469 4118 542 1880 7847 9579 9881 6589 5336 3923 9951 2653 9805 7129 6084 2620 2016 8600 217 3043 1876 5583 2168 7520 9610 5649 6857 4578 10455 4803 7137 10612 6553 6738 2558 10480 8064 1733 868 1283 7504 554 8672 8302 5773 818 5650 7423 9153 8323 6770 9781 4434 5174 10232 9253 10478 6932 3472 5132 8238 2216 2021 541 1314 3272 822 7914 3945 625 5302 6457 6847 9807 8261 4345 9245 5950 2999 9639 285 8864 8084 2164 5256 2199 3288 9878 4891 2500 10319 4050 5610 6561 377 6491 4313 2022 1107 5889 1140 2789 10558 8656 10135 8796 2263 6845 8675 10000 8609 5311 662 4466 1508 4186 6363 8088 4428 1778 4560 267 9565 1957 7873 2517 9052 5602 2033 7333 1769 10355 2648 6975 6032 5855 3674 10574 6823 7112 7351 1068 5593 7828 9714 10068 3541 630 8132 7554 7076 8753 10592 6122 2350 1642 3807 9629 5514 6670 7626 4272 594 9534 6189 7605 3275 2520 10750 8438 6526 2345 9701 2710 9400 6568 4339 5849 278 4902 8726 6199 2376 5469 2978 8642 2211 10080 10333 1085 4326 9380 6137 10840 4933 4494 6467 1618 1112 8719 2237 3018 9504 98 1023 1901 8844 7653 8665 4340 6415 4853 2770 10693 8843 7087 4090 6472 4448 2209 8948 1183 5349 392 4092 7604 2709 8834 1993 6471 3882 8523 191 10105 2705 6570 5471 4110 6903 8836 3125 4732 10507 1568 5479 8638 10836 2669 7972 4106 4639 1425 764 7753 10820 4502 106 5551 5834 2677 1611 8039 9361 6272 138 1885 10677 10676 10110 5535 7667 5700 3056 9234 10613 7119 424 426 1558 10708 6444 10378 4777 3310 552 7540 10041 10037 7773 362 8890 1022 1335 4269 9785 6698 1696 1704 6232 10165 3998 8845 8219 2351 2208 8382 7497 7481 9314 1448 2893 4088 5340 6187 6473 5014 6784 6816 3150 7993 5103 2713 209 9404 8832 861 8210 8146 4589 5792 683 5463 10471 2970 4114 9167 5358 5486 1711 10194 9523 10852 836 4949 2661 3444 173 10806 7467 1390 2732 74 9217 991 5567 4001 10543 166 6844 8109 5425 10741 3344 8907 10644 2887 692 10557 8090 5560 39 296 4201 3964 490 5115 9505 664 5598 10658 10811 10297 2487 2961 9909 659 2768 9561 10582 462 156 1184 5915 4967 1960 9571 5353 2656 614 9965 10577 8521 9948 955 6969 2636 183 5577 9661 1848 624 4736 1882 8979 7840 5617 10523 10624 2456 7193 9641 1417 7125 3820 6098 10544 732 530 5977 7392 2496 8055 7528 3249 9582 690 9425 9829 9824 6994 5897 5668 6722 4391 2614 9509 2928 2120 2130 7790 9984 10442 8334 2107 5661 2760 5033 6649 6629 6198 1810 894 5110 6675 10456 5369 823 8480 8520 9382 7269 9101 669 8428 866 151 9243 4818 4738 3014 7240 3576 9551 4922 9157 10587 3292 1253 1413 4861 7298 3737 2676 1045 3464 604 4305 8383 8063 1167 7182 3415 5537 8799 3961 9681 2279 5012 5652 8555 7414 4059 10704 4180 2967 2416 6331 865 10474 4668 6950 2771 370 2529 4955 6057 9116 9159 830 1553 7878 5347 10149 5831 979 9664 3546 3460 9229 7783 6022 195 1480 10116 8931 2450 3797 3969 3320 6212 9734 10499 7929 1546 3916 5989 3295 2951 4249 9354 2310 780 5920 7797 3057 9800 4299 4987 2391 3070 6269 9329 9938 6184 4775 2178 2291 915 6107 4749 9240 3120 1902 9410 1339 6533 6307 9059 9564 1391 3298 4649 7085 2958 8211 8712 9164 3660 2650 8107 4293 1591 7608 4973 5356 4354 3450 3569 5589 5564 2303 7707 6562 943 177 2181 3989 3751 10600 10650 6283 6364 8654 9003 10535 6527 2911 3387 578 478 9212 9050 4470 3772 708 8724 5067 4115 9733 9933 3354 3678 1949 3345 9473 4330 755 2659 2312 1912 4181 3533 6991 4199 2832 2229 9379 5571 6265 7065 2527 3823 7796 2491 5225 6431 3020 10636 9248 7648 5835 3243 6186 5907 439 8916 4849 506 3282 6482 10108 4403 9406 9964 10011 3946 1191 9877 4325 8814 1562 2083 2966 1850 1756 2997 8507 2024 2239 4150 7765 6723 4957 7189 7377 4895 4764 6841 6411 2589 6248 8332 975 7400 7024 1099 1361 8096 8956 5711 9282 5114 8939 6978 7730 8691 8167 5586 3866 10356 3214 661 3900 7822 6318 4396 5444 10606 3157 1066 4461 9567 3089 6134 9142 2097 } 
 
|[2]| = 1361     { 2 1132 9150 6625 3934 5288 9422 8131 6988 2501 10885 8625 3478 8528 3021 313 2934 5516 7802 5887 8 4528 3933 4722 4847 10263 5021 10746 6174 10004 10873 1833 3023 1445 1195 1252 847 286 9430 1770 32 7223 4843 7999 8499 8385 9195 10317 2918 7349 10825 7332 1203 5780 4780 5008 3388 1144 5053 7080 128 7114 8483 10218 1329 873 4113 8601 783 7618 10633 7550 4812 1342 8231 9143 2663 4576 9323 6542 512 6678 1265 8205 5316 3492 5563 1737 3132 8694 9865 8422 8359 5368 257 3905 10652 7415 4625 4390 2048 4934 5060 153 10375 3079 474 6948 1639 2109 6793 1021 769 10583 1028 4731 9941 7882 7611 6671 8192 8847 9351 612 8833 1427 1896 6014 6556 8436 5394 4084 3076 9665 4112 8035 7097 9750 8666 4906 101 2721 4737 2448 2665 5708 7584 2278 4446 1077 10687 5447 1415 5993 5559 10362 6610 6333 1997 8735 404 10884 8059 9792 10660 1054 8558 9112 6895 4308 10081 10 5660 2194 458 8781 4662 3554 7988 2273 1616 10869 10458 6501 9973 4216 1565 3781 5802 6343 7657 40 862 8776 1832 2457 7759 3327 10174 9092 6464 10809 9165 4226 7225 5975 6260 4235 1430 3594 8850 160 3448 2437 7328 9828 9258 2419 8029 3701 4078 10569 3993 6015 7122 2122 3262 6051 5720 3487 2733 640 2903 9748 7534 6645 4365 9676 10338 3915 5423 9609 5083 2282 6710 8488 2159 2426 1102 3059 43 2560 723 6325 8358 4802 6571 6037 8685 4771 10803 5769 9443 9128 5062 1285 8636 9704 4408 1347 172 10240 2892 3522 765 8319 4506 2370 2073 8195 10545 1298 5105 3845 9359 5140 1877 6149 6743 5388 688 8293 679 3199 3060 609 7135 9480 8292 113 9513 5192 9531 4491 4769 9671 7508 2818 5194 10663 2752 505 2716 1907 1351 2436 6762 5253 501 452 5385 9879 5457 7075 8187 6017 8254 383 9887 9985 119 2020 10864 7628 5404 9744 5270 10123 2004 1808 10651 6849 50 6522 81 2290 349 1532 6881 7273 476 8080 10789 8734 10727 6309 10191 7825 8016 7232 9937 5618 200 4310 324 9160 1396 6128 5746 7314 1904 10542 10489 2269 10241 3458 8097 9522 10286 7150 7081 694 800 6351 1296 3973 5584 2734 1206 7478 7616 9501 9289 9076 8297 2943 10610 5421 8477 6822 6546 2776 3200 3626 5184 5003 558 47 4824 8134 8686 5337 4489 3637 521 883 9773 10795 1241 5510 4406 215 1911 3615 9847 9123 2232 188 8407 10758 2077 10459 7067 3659 2084 3532 6425 10513 4964 262 6735 860 7644 3571 6721 3825 8928 752 961 10365 8308 9169 6490 3747 8336 3239 3922 9385 8967 1048 5162 3440 8798 3395 5106 4411 3045 3008 3844 8793 565 4009 4182 4099 677 2067 4799 4873 3201 4192 9759 2871 2525 2691 9535 6755 1291 1143 4487 2505 2260 5147 5839 5507 2708 8268 8307 8603 1915 5879 6369 595 10100 10764 5473 5242 5164 4572 7059 10020 9040 9699 1578 250 10832 405 561 1745 7660 1738 3698 2380 7733 10389 114 10079 9767 7399 6458 7413 3493 6129 6312 1000 10661 1620 2244 6980 8862 6952 3903 9520 9154 8889 456 7649 6401 7818 4054 7874 3083 2738 3470 4000 9977 6480 8976 6142 2781 6030 4723 5413 3949 2889 1824 8818 3826 9494 5327 9718 1443 63 2991 5111 7241 4142 3237 2790 235 2342 8003 10763 4907 667 7296 2605 4415 5309 10419 6205 5772 252 1075 9555 7186 5679 2059 271 940 9368 10234 10385 8739 2668 7406 10420 6771 10347 9009 3042 1310 1008 4300 5553 6966 938 8236 1084 3760 4805 8269 8873 2289 10672 7846 9013 5306 8721 3369 1279 5240 4032 6311 434 6086 3752 277 4336 4151 8331 409 2825 9156 10021 9606 3385 10335 2217 2587 5116 10071 5239 3466 1736 2566 4119 1108 6455 5715 657 1636 411 3957 7417 5757 2651 8673 8868 10348 9575 7617 10067 2975 6944 10264 5587 4432 4042 1082 2628 6544 1644 4939 7890 1250 10604 2025 2805 8725 5633 8690 7601 1011 5998 8389 570 6839 5279 4328 10512 4398 6576 8867 9782 5000 9749 8100 331 2233 754 2093 8626 4044 2214 889 2280 5578 10227 6423 9381 6703 4526 2801 6461 9111 6329 10622 1324 8932 3016 8372 1837 5287 8856 3556 9120 534 8241 3914 4857 5034 7215 315 4066 3777 3538 9821 5296 3061 1175 821 7348 10259 2757 3335 3813 2136 297 4767 8539 9247 7082 1260 5375 4219 3263 6617 10295 1355 4700 3284 7614 8369 139 2451 4363 8544 1188 8179 1489 4321 6550 5040 10611 5987 2163 4690 8513 5420 7911 2247 8678 809 556 9804 6563 1509 4752 49 5956 6395 4422 9271 9777 2170 8652 7871 1385 10791 9866 8988 2045 3236 2224 6549 4474 6036 8119 196 2046 3802 6799 4417 6441 8680 1941 9706 5540 10497 6797 3285 8180 2055 8896 4418 7007 2366 10698 784 8184 4319 5418 6779 3986 2053 7764 6157 382 9321 5410 2251 53 8220 2917 6783 6250 9464 10125 3136 69 6387 10783 5338 5055 8212 9278 2850 1528 4617 10751 9004 212 213 779 5354 3222 5189 7833 1655 276 3770 10465 10463 9331 181 4445 511 6112 7579 10337 3349 848 852 3116 10527 1999 9867 9554 6620 1104 4191 9193 9185 4657 724 6891 2044 2670 8538 8681 2507 3392 3408 1575 9441 7996 6801 5549 4702 4416 5875 4105 4073 7739 2896 5786 8176 10680 1485 2057 10028 2679 2743 6300 5097 10206 5426 418 7919 6775 1722 5531 5403 9178 695 1366 37 10053 5940 8228 7445 10716 83 3422 9499 8157 10815 1672 9898 5322 6888 346 10723 4045 2780 5464 148 7545 1982 245 8002 10197 332 2799 5329 10850 10593 6688 6925 10399 5774 1384 10225 5291 231 78 592 8402 7928 980 10230 8121 1328 307 10427 10733 9705 4974 5922 8929 1318 5536 8233 10275 924 312 2368 941 9934 3920 8253 10706 5312 1228 9041 10265 6153 9007 1910 3049 5272 366 265 8433 3696 1248 9472 3764 7069 4791 345 10157 10359 4912 3497 8393 2834 3361 7640 1307 10199 1464 1060 1065 3895 4992 5221 4167 6498 8275 1380 7961 8769 8759 3099 905 447 2555 8782 5228 8129 5856 4240 4260 4691 9079 9995 5779 4214 433 5520 10066 2409 2369 1507 3620 1788 10220 2461 10023 10738 1646 6071 6151 7875 3649 7313 1338 5967 1732 302 7597 9636 9476 6028 3591 7152 8213 9844 7425 10285 6584 2506 2826 9722 3707 7474 5352 2090 6928 1208 8610 5877 5237 2334 3475 6830 185 6709 7922 8473 4558 10024 415 6221 3939 8118 10519 8360 5934 4832 1773 1730 10059 9336 3011 5542 740 5058 9910 1225 7343 7429 1660 3106 4867 10694 9409 773 1958 8439 7092 6920 7569 4677 1155 390 2960 9343 6973 4900 7594 7938 6640 1535 8579 10109 4969 3092 7832 1089 6590 5902 8498 7819 4620 1560 951 4705 6114 8711 8598 9974 4782 6140 1649 7769 8987 1479 9550 4356 4582 1830 1325 9498 7591 6240 3804 7931 2678 2177 1725 7229 8239 2782 6596 9298 3281 5916 5533 6535 7439 7320 5300 5325 8586 3182 4327 9946 10712 8708 6900 7138 289 239 4606 4525 2235 1886 354 4362 7978 7502 10311 10411 1677 1839 6419 7117 10181 2165 5822 6774 1156 956 7535 7211 8940 7544 1416 6559 10134 8230 8577 8977 6708 7356 3898 6690 8057 8660 1510 5318 4624 3824 8362 7066 3093 8398 5664 4458 7869 253 1641 3241 5054 7646 4703 4982 10450 1973 6040 10383 7607 4407 781 6486 1483 925 878 6943 9698 1012 6564 2075 9327 8806 7923 9039 9133 7892 2382 8865 8650 6739 3124 4166 5932 3700 3512 5994 6125 4048 4478 8300 4641 2557 9914 3489 3865 9790 9528 2793 1933 5178 1607 5775 1950 3911 3159 2198 2722 5303 7023 533 7675 10228 6989 3067 4571 6493 5445 283 7732 9823 6428 1322 7800 4755 1747 8792 10888 10323 6314 2132 8922 8245 6178 1379 7395 4194 } 
 
|[3]| = 1361     { 3 1698 2836 4493 5901 7932 3244 6752 10482 9196 10883 7493 5217 1903 9976 5914 4401 8274 814 3386 12 6792 455 7083 1826 9950 2087 5230 9261 4117 10865 8194 9979 7612 7237 1878 6715 429 3256 2655 48 5390 1820 6554 7304 7133 8348 10031 4377 5579 10793 109 7249 8670 7170 7512 5082 1716 2135 10620 192 10671 7280 4438 7438 6754 725 7457 6619 538 10505 436 7218 2013 6902 8270 9439 6864 8540 9813 768 10017 7342 6863 7974 5238 2900 8050 4698 2152 9353 1744 7094 8052 5830 413 5089 5678 1493 6585 3072 7401 7590 5674 10118 10063 711 10422 7903 8608 4745 6976 6598 10430 1542 1652 9467 934 5972 4562 1399 7826 8582 918 7805 7585 2844 9021 9834 1765 8091 6126 4614 9053 6168 6608 5201 3736 2110 7359 5596 9526 1661 3672 9442 8562 487 3417 6669 7060 10586 2726 7567 3545 2894 4654 9915 4055 8440 7658 606 5437 6644 3799 5101 1581 1948 2779 4898 6462 9677 15 8490 3291 687 7727 6993 5331 1093 8854 2424 10859 4798 4307 9515 6324 7792 227 8703 4070 6041 60 1293 2275 2748 9130 6194 10435 4372 2749 9696 10769 8303 6339 5393 3518 9390 908 2145 5391 2386 240 5172 9100 103 3853 2998 9073 6599 107 6117 10409 545 3578 10683 3183 4893 3632 8580 10675 9544 960 9799 3733 412 4523 1103 3625 4618 428 2690 8969 2180 3423 10065 1843 8683 3639 1653 10033 5509 3840 6529 4043 1648 7203 4412 3611 7583 1712 10760 3209 8720 2803 7593 7372 2065 3667 6612 7465 258 4471 4338 5283 6592 7034 6759 3555 8554 6848 10373 1947 2213 323 8594 7710 8260 3779 4670 8082 1032 6995 6463 10243 4590 6358 5258 3331 1549 5614 8825 7788 8852 1292 1709 9062 373 4227 7791 10550 4128 6202 4074 8305 7471 3654 10143 2435 6196 678 2633 9374 2741 5168 6836 3581 1492 6019 9386 9533 5623 3030 5407 553 8106 3727 7905 9740 3006 2712 10532 4829 75 9783 5566 3435 5968 2298 4877 5465 714 1231 10739 2212 10646 4019 9842 6293 1135 10848 9461 8427 300 6465 486 2851 2094 9192 8619 82 2856 4924 10289 8848 9917 5187 6701 3394 4540 10725 5177 1041 1200 4082 1944 515 8376 4101 1809 328 535 8807 8489 2725 7001 9859 5026 2687 7271 10233 9819 4164 4800 5439 7776 2060 837 5515 7236 1312 2140 2561 1289 11 6226 6769 9215 10748 7306 8265 6609 5767 8311 10867 9326 8240 3348 282 7166 5248 8560 10244 5156 44 3126 5298 4193 10325 7446 393 4658 1290 577 10801 4637 293 2503 1128 6886 10103 1573 8309 9735 176 1615 10303 5883 8633 8006 1572 7743 5160 2308 10537 7659 1172 10012 4512 5766 7745 6292 569 6273 704 6460 8545 1754 1865 10246 6288 9194 9751 9232 9481 8858 4688 7381 7159 1286 9202 3390 2276 3314 2816 4062 1513 7016 7460 8317 3374 4109 6337 4261 5257 2765 7863 7746 6858 5144 4141 2671 9104 2367 375 5359 6052 6286 8062 601 2607 5547 3570 6155 10139 171 9674 9206 5654 9687 5675 10684 3749 9468 1500 10547 2430 3366 10470 2404 10428 410 3391 2842 7889 684 6029 4157 838 6081 922 10069 4107 5205 6000 9521 9720 2575 9213 9616 9045 1640 2675 479 9778 2736 2338 5739 3352 2546 3688 7609 5539 9931 2222 5417 6213 10300 4185 5797 3513 6560 10700 1916 6445 55 9352 1178 2519 10184 3863 8658 378 7057 8888 10779 3074 8533 5851 1410 3163 4462 10133 7664 4002 220 4741 4712 10076 8069 4563 1965 1512 6450 2885 10449 1407 1465 1626 5640 1763 6959 7865 8878 5119 880 8075 7959 7637 10498 7363 7860 6048 4022 651 9129 5628 5860 6504 782 7052 6058 9682 2845 9587 3520 10522 10058 8770 9325 7674 9662 2414 5199 2604 3849 734 1662 4238 3128 6430 2454 6061 491 5681 3191 9421 7565 2413 4633 8918 5981 9656 9907 10416 4507 2936 6648 6063 1623 3942 9816 2466 1964 946 1875 5017 8482 9652 7643 3005 2146 5957 6961 8997 7139 855 4814 2474 6492 4879 6597 9864 7856 3784 7500 9179 1261 5941 8794 1131 8584 2050 6066 3321 6778 3420 8367 9896 4190 8627 4610 6789 9646 4247 8222 4049 5044 1986 2509 4524 1669 8200 2486 2395 5334 2791 801 6917 5871 1841 7551 5378 5917 6099 221 5307 9287 7944 10036 7207 6676 133 9944 9580 10447 275 3204 5890 1706 7364 8426 10623 1890 2618 884 10339 4481 9998 7477 7050 4926 532 7109 5653 9121 1100 1927 1782 6824 7678 1037 9825 7560 10472 3536 8689 7035 7325 8130 6422 8815 2128 6658 834 3817 4400 7708 7128 5518 8934 4148 6633 8462 9221 3255 2089 6362 7522 10742 3910 2593 8512 4854 3336 4379 6711 9054 6734 294 3069 5703 4754 1181 4217 2131 8356 3670 8310 10301 4751 10372 1381 8527 2455 6627 5066 3549 5158 1176 1387 1034 8127 4724 5979 8524 757 3791 573 8537 8115 8821 5524 1441 9820 4730 9375 3307 9743 4704 5548 4136 10730 8007 2138 1429 3028 4275 2292 1481 10682 2617 318 5764 6613 8031 4833 2339 6305 7927 414 5655 10253 10250 8552 5716 1223 6211 9168 5924 10061 10468 1272 1278 4674 10346 8443 9356 3442 9930 1656 842 8345 8333 1541 1086 4892 3066 4005 1918 7577 9205 5088 5112 7807 8717 1105 4757 2879 7053 6624 3368 713 665 6164 4344 8679 1375 5131 7672 8530 4153 9463 9559 9450 2201 4420 8139 627 6434 4718 2583 2852 2660 2878 6487 2049 5500 9635 8910 1453 5723 5185 5569 5133 8804 6791 10778 2508 3958 7983 10332 519 10640 623 4170 8196 222 5873 2973 5812 1114 9851 498 9643 2549 5386 10445 10032 4943 10154 8661 2076 9893 2492 5791 117 888 1714 1003 1470 4456 6737 1992 5905 10196 10655 9113 7461 8883 7949 1977 8304 6905 9968 1386 468 3552 6856 4012 5880 6935 5170 7968 1842 8117 9953 3785 8066 2865 10018 7908 549 5842 7205 5544 1872 3319 5646 5159 1742 5962 9791 10094 7368 10690 7145 4251 10486 571 7405 9854 2196 1590 7042 398 7488 2387 806 9747 6968 2070 6497 7709 7694 10093 6802 6115 9277 2284 7842 6749 8784 6360 6390 1592 8174 9548 3224 6321 6094 8280 4210 9058 8998 7705 5430 2682 4441 9136 9590 5218 2469 3662 3782 6368 29 5525 2007 3506 2598 453 5951 3565 3325 9042 10831 10728 6875 3877 5693 9983 9876 3759 4239 3694 116 322 8028 3135 10392 1812 2026 3371 2411 3501 10657 10245 5722 4619 994 7265 6837 4147 6067 3887 464 1288 10334 1651 8901 7248 8104 2595 9644 3115 9961 8313 1110 7587 3976 7282 5570 5699 2490 4659 1856 5152 8669 6604 2937 7214 10638 10380 5909 1571 7177 585 4440 8570 5015 7350 502 1018 9960 7747 7424 9719 2009 4638 859 7078 9885 8853 1858 6284 6930 2340 6871 1613 9171 7622 2008 4072 7173 9210 7918 6209 8036 7663 3436 6534 6873 2745 7432 3358 5942 9360 5706 6452 4017 8710 8032 5399 6914 4173 9894 3058 10366 8874 2855 4358 5714 91 7950 2543 1990 4773 1046 4030 5179 2173 10350 10707 5878 5803 6909 1343 8797 2829 531 6543 1078 364 10022 10172 7960 8203 4184 5231 9827 8692 8733 10161 1734 1434 5858 5372 2521 427 2124 4394 4312 1456 7421 8021 10062 145 5847 10035 6641 2101 2265 7977 6936 5736 1654 10599 10084 1708 8496 6687 6359 5824 7906 10306 7581 580 1610 7473 4786 8404 9060 10130 5966 1166 6616 9729 7669 6832 1317 4970 3658 1518 9846 8557 8546 2320 6440 8114 8255 949 3573 7853 2086 4664 4686 6249 8898 5550 5268 8991 3743 6072 6717 1561 1517 9280 3982 10678 353 3796 3403 9634 8344 7767 7855 3218 2925 422 10183 3297 4083 2510 5090 6244 6068 4453 5039 10045 1412 4295 2723 5869 709 9290 9642 1983 811 1688 8065 2299 5443 10040 9471 3198 2494 6923 9267 7513 5648 6291 } 
 
|[6]| = 1361     { 6 3396 5672 8986 913 4975 6488 2615 10075 7503 10877 4097 10434 3806 9063 939 8802 5659 1628 6772 24 2695 910 3277 3652 9011 4174 10460 7633 8234 10841 5499 9069 4335 3585 3756 2541 858 6512 5310 96 10780 3640 2219 3719 3377 5807 9173 8754 269 10697 218 3609 6451 3451 4135 10164 3432 4270 10351 384 10453 3671 8876 3987 2619 1450 4025 2349 1076 10121 872 3547 4026 2915 5651 7989 2839 6191 8737 1536 9145 3795 2837 5059 10476 5800 5211 9396 4304 7817 3488 3299 5215 771 826 10178 467 2986 2281 6144 3913 4291 459 9347 9237 1422 9955 4917 6327 9490 3063 2307 9971 3084 3304 8045 1868 1055 9124 2798 4763 6275 1836 4721 4281 5688 7153 8779 3530 5293 1363 9228 7217 1447 2327 10402 7472 4220 3829 303 8163 3322 7344 7995 6235 974 6834 2449 3231 10283 5452 4245 7090 5788 9308 8941 8110 5991 4427 1212 10874 2399 7598 10202 3162 3896 5558 9796 2035 8465 30 6091 6582 1374 4565 3097 10662 2186 6819 4848 10829 9596 8614 8141 1759 4695 454 6517 8140 1193 120 2586 4550 5496 7371 1499 9981 8744 5498 8503 10649 5717 1789 10786 7036 7891 1816 4290 10782 4772 480 10344 7311 206 7706 5996 7257 2309 214 1345 9929 1090 7156 10477 6366 9786 7264 6271 10461 8199 1920 8709 7466 824 9046 2206 7250 9236 856 5380 7049 4360 6846 9241 3686 6477 7278 3306 9177 129 7680 2169 8086 3296 3517 8824 7222 4277 3424 10631 6418 6551 5606 4297 3855 4130 7334 2335 4041 516 8942 8676 10566 2295 3179 2629 7110 6219 2807 9857 3894 4426 646 6299 4531 5631 7558 9340 5275 2064 3101 2037 9597 9180 1827 10516 6662 3098 339 6761 4687 6815 2584 3418 7235 746 8454 4693 10211 8256 1515 8148 5721 4053 7308 9397 4870 1503 1356 5266 7859 5482 10336 2783 7162 2984 1149 7883 8177 357 6060 10814 1106 5323 7454 4921 8591 6012 5424 10175 9658 150 8677 243 6870 1047 4596 9754 41 1428 2462 10589 4424 10403 8038 8795 1697 2270 10807 8033 5965 600 2041 972 5702 4188 7495 6349 164 5712 9848 9689 6807 8945 10374 2513 6788 9080 10561 10354 2082 2400 8164 3888 1030 5863 8202 3618 656 1070 6725 6089 5450 3113 8829 10052 5374 3653 9577 8749 8328 9600 10878 4663 4120 1674 141 3583 2624 4280 5122 2578 22 1563 2649 7541 10607 3723 5641 2329 645 5733 10845 7763 5591 6696 564 3443 10496 6231 9599 10312 88 6252 10596 8386 9761 4003 786 9316 2580 1154 10713 9274 586 5006 2256 2883 9317 3146 5729 8581 352 3230 9717 877 6377 5123 3144 4597 10320 4616 10185 4429 2344 9135 9024 643 4601 1695 1138 1657 1408 2031 6201 3508 3730 9603 1687 7499 8613 7575 8073 6827 9376 3873 3429 2572 7515 6780 4552 6628 5632 8124 3026 3143 4031 5745 6748 8218 1785 8522 10514 5530 4837 4603 2827 10288 8282 5342 7319 4734 750 10718 1215 1683 5235 1202 5214 205 7140 1421 9389 342 8459 7523 419 8485 461 10479 7498 8047 3000 10205 4860 6732 10051 4808 9967 820 6782 5684 4889 1368 1169 8314 1676 1273 1844 9249 8214 10410 1111 8153 8551 5150 7537 8343 7201 3280 5350 958 8667 5472 4676 589 6704 5092 7376 4329 189 8973 4444 10834 1537 9711 8370 705 7026 2231 10511 3832 2001 110 7815 2356 5038 9479 7726 6427 756 3225 6887 10669 6148 6177 813 2820 6326 8924 9377 4439 8004 440 9482 9424 9263 5249 9126 3930 3024 2011 5770 10009 2814 2930 3252 391 3526 3029 4841 6867 10238 1760 5261 5029 4385 10107 3837 4831 1207 8044 1302 7369 367 831 2119 1564 3215 1227 8475 5690 8285 7040 10155 9227 6651 7761 4459 8435 4828 10398 5208 7698 1468 3324 8476 6256 1971 4908 1233 982 473 6382 7953 4241 4826 9266 6947 1073 8423 8925 9943 9014 5872 2407 1237 3246 7884 8743 4932 3928 1892 3750 10034 6075 8415 4397 6010 4292 1025 3033 7105 3389 1710 9628 4948 2095 9758 2305 8839 4823 7568 4111 7469 2522 993 6699 2262 6279 4100 1243 6642 2667 6840 5845 8903 8380 6365 9220 2689 8403 8494 5555 8098 10088 3972 5018 9048 3338 5511 4972 4790 10668 5582 1602 2945 853 3682 4213 10756 945 1309 442 10614 7685 4999 9183 3525 2463 266 8999 8271 10005 550 6408 891 3412 3839 5963 10357 3780 5236 1768 9789 8962 9107 4065 3211 9852 1064 3329 417 7353 2200 3854 3564 2759 4467 2074 8761 4231 10055 7072 6489 3181 3761 5371 1955 6741 4256 2427 1668 7634 8800 4527 3367 147 6979 8296 2377 6035 7553 6510 4178 1835 4155 10595 7820 5186 6135 9708 6672 8758 2533 7219 2579 588 6138 517 9508 2362 8434 4262 5823 7340 5731 9713 9502 9855 2762 6165 4910 2365 10132 7098 10316 2352 2774 2068 5365 9448 1069 6159 1514 7582 1146 6185 5341 6753 159 2882 8751 9460 7861 6614 8597 9408 207 8272 10571 5125 4276 2858 6056 8550 4584 2962 10475 5234 636 639 2337 5173 9666 4678 1721 4965 828 421 9617 9611 6215 543 2446 1533 7447 959 9233 10047 2544 2556 9348 9803 5997 7823 6884 8971 3312 1684 5801 5777 3082 2172 9784 6132 8010 3836 4265 7521 10176 10224 4725 6545 2210 9514 5758 3217 2359 6736 1426 1330 1439 8688 6469 2750 10262 4455 6171 8306 8037 8229 8011 4402 8840 5389 1254 1979 9436 5166 5704 5320 5756 2085 4098 111 8381 6931 2906 557 10370 249 10266 6719 2693 10667 5016 7916 5077 9775 1038 10391 1246 8340 5503 444 857 5946 735 2228 8813 996 8397 5098 10772 10001 9175 9886 9419 6433 4152 8897 4984 693 234 1776 3428 2006 2940 8912 2585 3984 921 9503 10421 7337 4033 6877 5009 3954 5719 2921 9047 2772 936 7104 2823 8024 871 2981 10340 5047 3684 5345 9017 7570 5243 5730 9147 4927 1098 795 3521 199 3744 6638 403 10318 3484 1035 8693 9299 3847 10491 3401 8502 10083 1142 3921 8819 4392 3180 3195 796 4087 4774 1612 8605 3047 4140 2105 4529 4499 9297 2715 1341 7665 4568 4795 2609 6679 1831 1891 3184 5459 8207 6448 1753 1299 5671 8420 7227 7107 4521 10860 5364 8882 7383 8291 10436 4938 7324 7564 1847 58 161 4014 7012 5196 906 1013 7130 6650 7195 10773 10567 2861 7754 497 9077 8863 7518 8478 7388 232 644 5167 6270 9895 3624 4052 6742 4822 7002 10425 9601 555 9238 1988 3641 2785 8294 1245 7774 928 2576 9779 3302 6913 3607 5319 5190 8399 6230 9033 5737 2220 4285 7952 3675 251 509 4980 9318 3712 10304 6449 2319 5874 3539 10387 9871 929 3142 3465 1170 8880 6251 10030 3811 1004 2036 9031 4605 3959 8549 4018 9276 1718 3267 8881 6817 3716 1679 2971 4680 2853 3226 7453 4355 4016 8144 3457 7531 4947 1529 5183 4437 6872 2179 2857 5490 3975 6716 995 7831 523 2015 8034 6531 5175 10798 2939 8346 8899 6116 9843 6859 5710 8716 539 182 5011 5086 3980 9546 2092 8060 10358 4346 9811 10525 867 717 2929 2686 6705 5658 1062 2197 2156 728 9155 9455 5031 5517 8368 10462 8765 6495 6577 9433 3468 2868 827 10744 5042 854 4248 8788 8624 2912 3953 5153 9235 290 805 9181 2393 4202 4530 5065 2983 583 3308 10309 9279 3416 6103 2485 1829 759 4923 9723 4273 1160 3220 4057 9572 5919 7231 9371 1043 2332 2343 8569 4449 2775 2634 9940 7316 3036 8803 6225 6203 4640 1991 5339 5621 1898 7146 4817 4172 9328 9372 1609 6907 211 10536 7093 7486 1255 2545 3122 3034 7671 7964 10467 706 7592 6806 8379 5799 4645 4821 6436 5850 844 9477 6594 8166 5020 10180 1599 1247 8906 10078 9201 2824 8590 5446 849 1418 7691 8395 3966 1622 3376 5241 4598 10886 9191 8053 6396 4988 2957 7645 4137 407 1693 } 
 
|[7]| = 1361     { 7 3962 10247 6854 2880 7619 310 1236 2680 3309 10875 2965 1284 8070 5129 6540 10269 8417 5529 4271 28 4959 8321 5638 631 8698 1240 4944 10720 2347 10833 971 5136 10502 9627 4382 8409 1001 338 6195 112 8947 617 774 2524 2125 4960 8887 10213 9388 10665 3884 9655 9341 5841 6639 969 4004 1352 3002 448 3121 2468 3096 10096 8500 8951 2881 8185 4885 9993 4647 5953 4697 1586 4778 3876 5127 5408 1119 1792 1595 9872 1495 7717 1333 3137 635 73 8651 7305 7699 2034 7899 6344 8223 4615 9619 10743 4476 7168 6380 6821 5980 9090 5332 1659 2540 292 1937 7442 9018 8136 9818 3598 225 7571 5809 10305 7015 6894 3742 5506 2142 3693 10439 6636 10160 1168 7748 7990 3405 10766 6605 3503 900 8506 1458 8553 6282 5798 4079 246 8568 3883 9089 4766 7973 4672 9214 10182 2731 10397 4642 3123 3600 1357 5832 1545 3350 1414 5427 984 1605 4643 3689 8175 10114 7799 4189 8061 35 8921 7679 1603 3511 5428 1550 6180 2511 5656 10819 3936 6420 7683 3867 33 7789 9418 5867 10466 140 3017 8938 6412 3155 10823 6200 2942 10044 846 10609 4855 3902 8954 4579 132 9378 5005 1690 9197 560 1179 3085 3870 1731 10625 3022 879 7509 3384 9769 8531 4719 3149 7427 528 4845 9131 6760 4121 2240 4716 1451 4591 6924 9833 1199 3516 8258 2647 6409 1457 7987 1707 7930 2112 8491 3857 5262 5595 8960 7975 5804 7475 5918 6665 4796 3175 365 10588 3858 5828 10170 6828 9942 8448 1297 4539 10159 602 3173 10122 1438 8122 1894 4882 8295 1811 1460 9685 4543 1534 8013 5534 7101 1125 5188 7267 7969 2408 1803 7821 5752 10710 7576 8639 513 7244 5840 6073 7283 6136 10274 358 6626 4500 9863 7290 10098 9632 7212 9506 1230 10173 8526 1889 2052 7198 1582 2514 7354 2766 8429 1432 4726 7111 6785 7382 7725 5861 7070 5357 4920 8025 1437 7556 8208 7014 6328 10056 7638 175 1049 5728 8015 6666 5362 7750 9122 1666 6502 10539 8791 10322 5748 8446 165 6278 3534 7557 8774 700 4196 1134 10282 4886 10559 9222 3821 6664 4230 9489 2497 8621 1214 1117 660 3334 3247 8450 2429 2800 5895 4536 8461 8655 9569 4221 4395 4878 6031 5289 9988 1817 4856 4468 2640 2447 2099 1133 9716 311 1802 7255 1177 1953 5609 5995 6691 8623 2346 10267 7285 7268 8535 6983 10560 9788 8396 4532 6197 1244 7208 7242 4708 7812 658 2202 4986 1825 9384 8401 7362 7294 1473 6154 9573 6485 917 7239 3010 4976 7054 7190 7943 9470 2632 8808 9055 7300 4869 937 7670 7398 5892 2838 5625 4162 3668 7178 1151 9015 6438 6982 9994 5213 10528 2565 3553 7422 8587 3748 8902 7814 1790 463 722 5759 3783 6934 4604 3393 3974 6150 7309 9963 9445 10260 3323 7910 1681 4103 2941 9478 7160 1852 2888 1258 4243 5958 7527 2683 5007 2822 7458 7185 5113 8373 2403 9862 6724 5523 875 5245 6862 7408 663 5032 6083 2054 8330 10732 9139 399 8054 6962 9563 825 9612 6781 5118 314 3500 10091 5670 7854 2652 9239 2554 8216 653 10261 3889 1596 10438 6070 5585 3300 5781 5346 9583 1256 3111 7697 902 9638 10608 4289 10216 197 2612 8377 4667 6384 9085 2502 562 2311 1346 10495 5665 5024 1555 9010 3608 5885 9765 6267 8197 788 10448 841 7779 3758 3673 10008 2248 9244 5384 9313 882 9207 6220 3373 3543 1762 6393 3290 121 3152 9125 3364 9338 4143 3803 7365 8992 4309 10647 4585 3528 4161 3102 2603 3283 7048 3794 2271 484 1719 3833 2567 4685 5683 4323 7682 3301 6347 9921 7451 3223 5755 1519 10412 2243 6414 4287 9084 1936 6876 4443 10268 7851 954 6403 8950 2315 3610 7017 8026 2003 1242 6076 8981 8972 3878 6259 3669 7744 5726 6883 8405 9626 3816 3834 3133 9260 3551 6290 10326 8012 4968 2526 3257 3221 4623 3258 3787 9198 1126 5754 953 5837 4375 4447 1643 4373 3315 3382 8637 10270 8983 10104 2139 1995 7603 2143 4259 4125 4504 1238 3812 1570 6611 6899 6572 6603 2371 2639 1881 8413 3265 7749 8556 7980 8634 8572 6147 5611 7127 4952 4359 6280 4666 5818 4510 4634 9484 10556 7524 985 2171 9218 1557 10142 1869 1621 2810 666 6730 8919 6547 3342 7775 1494 7151 7647 5269 9557 8318 3940 8684 4205 6228 7901 7476 6484 351 2664 5142 3009 4410 2479 9322 5976 6826 8810 10187 5561 605 4871 2069 5931 3134 9826 8126 4158 1404 10656 9679 1147 6751 9916 4621 2126 5526 2573 8081 466 2420 8595 8276 1946 1647 6637 10726 5743 5616 9957 6049 4588 5226 6997 7595 8504 326 10292 10546 1864 9680 1713 437 7784 6588 4770 10237 1194 686 7161 2418 7463 10015 6210 8602 1349 1304 8501 9517 7456 6053 6852 1748 9358 4574 8191 8281 4776 2744 6866 9672 8074 7393 3062 1741 5396 5216 1337 5401 8046 2434 5630 6992 4765 7407 97 457 8215 87 5686 6021 10518 7794 1359 6964 10695 9975 5348 10715 10406 9736 742 6190 8171 7850 388 1828 193 348 966 2306 9405 9398 5436 6078 10113 7233 10503 10193 8957 6277 2968 2982 17 9622 1552 7312 772 1392 3864 9224 4953 4925 10855 2534 7785 7154 9345 8105 3161 3330 983 1039 68 5821 6208 7470 3088 5568 4567 4229 8923 8811 10753 10136 9362 6838 4713 10642 1755 2431 3932 4156 272 1506 3054 8102 1463 494 7379 6027 3025 2577 10345 7877 4781 5574 7963 9901 7020 9724 4839 5735 1088 6024 1327 10630 5852 1976 7738 2330 1211 10308 8713 9730 8235 518 10074 6937 6302 6229 8467 1162 4352 2318 5308 9853 1630 7904 9174 9320 4844 8565 2185 6253 273 2072 7629 5970 3430 3138 1201 4648 6519 9272 10343 6745 6520 9838 4029 4613 8487 1593 8740 3234 1092 8288 8738 2102 2831 1663 4804 7703 4298 4421 8705 5202 4302 6685 5227 7563 1281 6372 2293 2047 4368 485 2285 8408 435 6652 8327 9034 6303 6795 2153 9919 6319 4962 10019 8474 5124 3710 9172 8188 6583 1940 9140 965 1740 4830 641 3469 3434 5402 8612 7009 3498 8959 7409 1229 9607 3951 4021 85 4554 7760 3893 3860 6960 8431 2564 2987 2847 10719 1781 6258 3103 3169 7858 4916 5761 4915 5195 340 7327 9262 4683 4551 6062 1057 10256 1059 499 10209 7124 3254 1523 1787 9654 8775 1266 8771 9891 1360 7530 4381 7843 7315 2470 4228 8357 4236 1996 8169 6718 2127 6092 7148 5949 2433 5064 2417 6897 5440 8342 6635 9594 7482 9880 6023 761 6055 7984 9 5094 8508 2590 6814 2018 9732 9367 9668 5810 10871 701 4762 5709 8150 6853 2314 3044 2442 10158 36 9487 1365 10360 5478 8072 6261 4801 6005 1462 10817 2804 8159 1058 10822 5634 9256 1287 9768 7965 144 5281 5460 8773 134 10510 3266 8315 2242 5848 10601 327 10858 4232 10621 758 4357 5148 6405 10082 576 10235 62 2425 536 9373 2175 593 8968 1614 9737 1308 10765 6039 9817 3032 6539 9703 3842 7661 2304 8273 248 9700 2144 4825 8700 2372 3205 6456 6281 5232 10393 2378 6601 1239 4378 6145 4479 8866 9216 425 992 6133 8576 8411 2133 9488 1931 4046 3346 10039 8905 9512 4626 4956 6623 2802 7027 2797 4197 1700 3968 2754 1637 977 8532 5285 7724 5295 2495 7489 2953 5381 7615 8935 4714 319 6330 299 5899 6800 4983 127 6548 3908 1461 10251 9118 10291 9980 8178 923 10635 8682 3073 7967 1276 3542 1196 1818 5422 9043 508 4414 4743 5844 8337 3805 8497 7253 45 3692 9873 2061 1403 10090 5104 3279 4784 7272 10799 3505 2032 6767 8083 1598 681 4331 1321 7234 180 3879 6825 8244 5612 7693 9527 2227 8247 7310 10529 3131 8128 5290 10554 6392 2724 6435 5284 7158 720 4627 5522 309 670 8994 5441 8908 321 7462 9449 1635 10734 10271 9549 3790 } 
 
|[13]| = 1361    { 13 7358 5030 4951 3793 1705 6798 3851 1866 10812 10863 7062 829 987 3303 7479 8182 3187 7157 154 52 7654 9231 8915 4283 6820 5414 4515 7464 10581 10785 6470 3316 3948 2323 8138 61 1859 6850 616 208 8838 4257 2993 6243 5502 10767 7171 8078 9657 10473 4102 2375 4903 9292 10774 244 7436 5622 2464 832 2685 6139 1083 3194 230 10401 6906 10534 5961 9225 5519 9500 8723 4501 10429 976 7966 710 9856 3328 10740 2778 4332 1887 920 8937 5846 9469 2066 4233 298 5333 2225 7115 9049 3904 10086 2840 6757 2423 10293 223 6439 7548 3680 3081 1606 5209 8264 6043 1192 10443 8900 6682 3529 4727 7677 471 5250 9692 8505 892 3978 8414 3831 1435 6424 9947 389 2394 4768 9105 2933 4950 3227 8019 8930 1884 10111 6101 1353 3568 5023 989 4435 5740 3918 7121 1556 9576 8183 3753 843 8911 2019 10298 3053 7536 7777 2626 5412 3383 9203 3956 6851 1182 4783 6706 6224 5637 65 4123 3372 2977 8076 8525 1323 8366 9330 10504 10759 2643 4145 4935 5626 4728 8243 5046 3118 770 260 5603 2599 1019 10526 1433 5292 797 4653 9349 10369 10572 5691 8851 726 8023 305 9295 1583 3080 1040 634 10396 4076 9437 5732 10279 3188 7723 4729 8809 9621 986 2737 2904 10314 1220 4513 6332 1431 4160 2536 8917 5415 5081 1150 8449 1863 9114 8027 2569 5817 3944 59 727 8589 4880 7163 3550 5724 5751 10144 3001 10771 9435 4600 1129 7452 3789 10330 10276 1490 4887 236 2908 1689 8631 6874 3311 1118 1226 7909 1115 10417 5073 7511 4516 8030 4267 8653 8437 5960 8659 944 743 6756 1857 5718 2355 4472 4904 9858 4460 9001 9403 8266 7175 10342 6179 1945 1081 2062 1969 3776 2972 5246 7428 1094 9420 6999 8727 6765 6951 3337 4945 397 6922 8701 2938 7780 4324 8248 7876 4215 999 10095 7934 4376 5013 6218 2241 5282 6026 2459 8891 1588 5910 2137 863 9342 6407 325 9726 5971 3996 7713 9958 6615 9163 3094 8964 10239 2326 9836 2897 6352 1862 8548 3452 4701 3850 1300 6237 2106 5095 9074 7165 4682 3985 1487 3189 8289 9304 6677 699 3630 7448 1525 2919 7915 4511 5200 3170 8424 9491 3629 6882 7839 5051 5948 1867 489 4549 4930 2796 3631 8014 6100 787 9882 7155 9911 1791 1029 5297 3627 5750 9578 9315 2014 7468 1956 7307 8831 295 3635 10278 2622 3148 6861 6842 6977 7164 4116 10299 3619 1222 5645 4593 8056 8094 7824 7450 2657 1180 3651 8445 10488 1703 5666 5590 6130 6878 5575 8529 3587 4888 802 7483 10446 10598 9518 8022 10628 4720 3715 1113 9285 6812 886 582 2742 5734 522 1449 3459 8663 3208 8154 9117 9725 5405 10310 9845 7991 3971 4452 4473 5470 3544 2328 79 1158 2088 5796 2947 1985 1943 10838 3801 6233 10731 8573 6713 10186 4995 6919 7003 102 3287 9312 316 4632 8352 1406 899 7940 7772 10685 4315 3154 10257 1625 5074 8077 9091 5898 6234 408 2259 4581 1264 7639 741 5624 3596 9982 9310 10073 6371 1727 8361 6500 9407 10530 3697 1814 3158 1632 9036 7435 5056 8778 2964 718 3495 7261 4573 7625 3706 6908 777 4222 4961 9453 3899 7256 1743 6528 3477 7962 9335 2445 967 2872 3091 7266 7403 8722 3935 5854 3108 5999 8955 5145 4707 7246 6972 4334 3019 10070 4673 9780 3868 599 1475 7286 7834 2221 4851 1638 1543 2218 3153 9691 7939 7206 6110 6447 1187 7613 7803 6453 4583 2396 5900 7366 9558 8884 8515 6552 6172 8872 1723 6097 9978 7046 2662 4010 4748 8674 9434 4034 7443 9584 1822 7686 5565 2869 1393 4430 2910 2821 6892 2610 7245 6406 10648 5151 8103 2029 5069 5247 7994 5669 7288 8966 482 587 5572 6831 751 395 5790 10440 7202 3846 9925 9715 10634 8116 9387 10099 10198 898 7374 3197 1928 2348 510 5546 3004 1580 1382 9093 7030 4495 7033 6193 9869 10686 4881 7729 8125 3592 7718 1899 7712 9392 2040 406 1127 6320 5528 3705 6342 7091 6354 2994 6809 10077 8635 9138 10722 3479 9094 7596 9070 4901 8160 1624 4508 3502 334 3931 3590 6586 3638 1087 5458 7641 1873 3885 10221 3027 3709 8606 3613 8715 10862 6496 7143 3119 1336 4835 3471 4566 3663 4348 54 8786 7492 4651 8217 1219 3947 1757 3563 2193 10781 4206 6794 1587 5344 8451 2995 7375 3763 6503 216 2477 8190 7715 201 4876 4899 7028 3363 8772 10457 5935 5398 6348 10487 1137 1091 7722 4163 4234 864 9908 93 9082 804 8615 8707 6334 2563 2421 9161 1962 10703 3614 9281 4548 4364 9110 5763 6047 3456 6965 372 3661 3216 1793 2161 3558 10252 9684 3977 7848 10145 3567 4457 7303 6567 3773 1274 2410 2935 6082 1488 3755 1975 7172 8644 3343 8341 6069 5019 9614 7913 3379 6939 7434 4490 4203 5096 9640 851 2550 5952 4131 7900 6910 1909 2483 697 2498 9187 5789 9874 2627 5978 7958 7071 5923 9495 5893 3404 10200 2030 5635 9822 5862 7636 9932 2788 9992 4081 1378 6829 10508 2134 10054 6506 1914 5313 1794 2727 8133 8120 762 6621 1670 8766 7061 263 7301 5435 5512 5538 9365 8536 7549 4246 7656 10363 7176 19 10754 10702 3048 4706 6680 2397 6466 1052 7426 10851 270 374 4793 1477 8418 6095 8846 8785 6926 76 10349 10141 1303 7935 4942 9588 4086 4208 7926 10737 1080 1496 8283 5908 1005 2602 2717 2473 5926 304 8729 7897 5212 9962 8879 5685 5455 5943 9926 10281 4320 5984 465 1854 4020 10408 10868 9892 1926 1216 2249 9810 9959 7181 2849 962 42 1994 7037 8457 6391 2158 1860 7416 5191 8965 10805 6901 7704 4864 8996 6573 7169 6946 507 3848 168 7976 6370 1161 3786 8632 7440 7886 9875 3193 10553 5826 9038 8567 3317 4514 6898 6006 2028 4503 672 10126 3702 4644 4255 1861 7982 9766 6833 1883 9545 1526 3485 1601 2379 7167 5814 2246 8112 7123 2688 7837 3919 7687 6131 7444 10150 6397 5554 7532 5513 6104 3051 6404 9516 6890 1478 8984 10670 6714 10752 9570 4787 8970 2746 7998 7933 3810 438 8350 274 2638 1315 3838 5397 5782 5912 3269 10013 5078 10341 5613 8259 3213 95 10214 9954 4351 1752 733 1096 10552 5260 4463 10699 1350 1870 2187 7385 9423 8697 674 369 1963 380 8189 7149 6515 7008 2932 4384 9541 10151 6963 10129 5400 7480 8748 7762 5025 2121 2696 1476 7852 1520 89 6818 4282 6254 839 6647 5497 7937 6074 7849 10711 8142 2325 9270 9211 8484 10784 5904 9630 6080 356 5494 6239 3238 3356 4810 210 9970 2518 9618 10177 10790 9300 4413 4177 1269 10469 1838 5853 2542 1424 198 3178 2063 2535 8351 840 7213 10072 5805 8041 10493 4533 6763 5819 5076 9209 7352 1634 10168 5696 792 1823 8252 10140 737 3360 7074 7621 1442 10386 9305 7243 5274 1498 9415 4169 7630 6536 8005 1006 3168 7292 341 7893 2948 2551 6518 8706 5768 8877 4553 7194 10207 5992 4993 5787 8742 4366 10242 4024 1783 7390 1364 9794 903 10204 4294 2157 1294 2841 7323 6998 8161 2190 9083 1370 2301 6575 8301 5207 7132 7782 5456 6509 3612 8149 6287 8628 5176 475 7514 6214 10866 8760 3665 5480 9204 4522 537 9939 6750 9350 46 4258 3559 10818 3370 1845 9815 1900 8278 3078 10797 2373 3771 142 4149 7199 2148 7089 5222 4733 184 6143 3347 10605 2591 7380 6593 7600 445 1423 10521 9492 4195 568 5707 7018 8592 6578 9999 8043 736 2794 2499 9753 10364 7742 4594 8622 1780 5692 9417 5301 5891 2272 1050 6294 1701 4534 7329 10394 2944 287 9996 6345 8789 9190 7487 1821 7120 990 5001 10315 1786 9088 4200 3398 6804 7247 7538 8909 887 1148 7317 3602 2489 4093 8170 7284 6702 3960 9115 8593 7144 3685 5911 2703 5438 7210 8374 2969 3548 4592 7490 3519 9956 5483 } 
 
|[14]| = 1361    { 14 7924 9605 2819 5760 4349 620 2472 5360 6618 10861 5930 2568 5251 10258 2191 9649 5945 169 8542 56 9918 5753 387 1262 6507 2480 9888 10551 4694 10777 1942 10272 10115 8365 8764 5929 2002 676 1501 224 7005 1234 1548 5048 4250 9920 6885 9537 7887 10441 7768 8421 7793 793 2389 1938 8008 2704 6004 896 6242 4936 6192 9303 6111 7013 5762 5481 9770 9097 9294 1017 9394 3172 9556 7752 10254 10816 2238 3584 3190 8855 2990 4545 2666 6274 1270 146 6413 3721 4509 4068 4909 1799 5557 9230 8349 10597 8952 3447 1871 2753 1071 7291 10664 3318 5080 584 3874 3995 7147 5383 8747 7196 450 4253 729 9721 3141 2899 7484 123 4284 7386 9989 2383 9431 2336 4607 5091 6810 10643 2321 7006 1800 6123 2916 6217 1675 707 8158 492 6247 7766 7289 9532 5057 9344 7539 9475 5462 9905 9284 6246 7200 2714 775 3090 6700 2828 10854 1968 3210 9286 7378 5461 9339 4709 8378 5233 70 6953 4469 3206 7022 10856 3100 1471 5022 423 10749 7872 1951 4477 7734 66 4689 7947 845 10043 280 6034 6987 1935 6310 10757 1511 5884 9199 1692 10329 9710 7804 7019 9158 264 7867 10010 3380 7505 1120 2358 6170 7740 3462 10361 6044 1758 4129 6768 8649 6173 9438 6298 3965 1056 9690 7373 2631 8242 4480 9432 2902 9182 2959 8777 2398 7032 5627 5294 1929 2914 5085 3414 4971 4224 6093 7714 10524 301 7031 5061 719 4061 947 2441 9592 6350 730 10287 7716 767 9451 2767 8995 6007 2594 9078 9429 1204 6346 9355 2876 5355 3788 9764 5701 3622 2920 8481 9086 3068 5137 179 3313 2250 10376 3645 5049 4816 3606 4753 615 10531 4263 6389 1026 3599 791 1257 3677 1383 9659 716 2363 9000 8837 3691 9307 8375 3535 8123 2460 9457 6163 3778 4104 3507 3164 5028 3819 5532 5969 2864 9452 3333 2681 3875 4561 833 3251 10714 9840 5161 2874 4223 5527 3139 1767 9223 4387 350 2098 567 5141 2443 10724 4611 7355 3332 2115 10189 6693 9755 607 6003 330 1667 7068 4225 6659 1400 8392 2268 9675 9772 10229 7555 7642 2439 8460 8089 4994 6353 2428 2234 1320 6668 6494 6011 4858 5600 901 9072 6033 6421 8249 8442 8790 9756 1173 10578 9087 3634 9712 8936 5280 4894 4198 2266 8543 622 3604 3621 2354 3906 329 1101 2493 6357 4692 9645 3681 3647 6181 3077 10231 8687 5903 9064 1505 2488 3527 3595 9416 4735 1316 4404 9972 3650 7879 5913 3835 3699 2946 1419 8257 2081 1834 3589 6020 9952 3219 3491 4997 8051 5264 6727 7221 3711 9738 1874 4451 3907 895 5676 361 8324 7336 3467 2302 7141 1987 3075 9099 10426 10167 5130 7106 3955 6285 7496 6915 4739 3580 926 1444 629 7566 2979 9208 6786 7948 1411 3729 9037 8001 9631 6646 4931 3362 8206 5882 8067 3431 3704 5776 2516 8486 1027 4165 5366 10014 5644 4027 3481 10226 5857 4806 8835 2559 157 1750 10490 2835 3927 1326 10064 1277 4108 5771 10575 7389 798 5219 3035 8237 1650 8335 2673 10236 628 7000 9293 451 4819 5304 7589 5108 5543 1306 9633 7778 3192 9987 1251 281 6600 673 10692 8277 2512 6222 4505 1804 8387 10327 8578 9543 394 5224 5865 9334 1879 7281 5004 1124 4622 2692 10101 441 10048 3110 7131 7216 881 8641 1645 5505 1576 10007 1682 4669 7516 7346 9127 4496 7599 10768 7737 1764 7525 1551 6746 7086 3524 1897 6580 242 6304 7361 6728 7787 8286 7606 3841 7095 8618 10405 9170 7056 8322 6204 5206 6566 3207 7588 4542 968 3438 7666 5134 9370 477 8646 4475 6602 1805 8953 4013 6446 621 3038 9935 4486 1939 8574 7279 3872 2863 8886 9647 4813 1908 1917 7011 4630 7220 3145 5163 4006 2484 1263 7073 7055 7756 1629 7338 4599 563 2877 5921 8363 7632 7668 6266 7631 7102 1691 9763 5135 9936 5052 6514 6442 9246 6516 7574 7507 2252 619 1906 785 8750 8894 3286 8746 6630 6764 6385 9651 7077 9319 4278 3990 4317 4286 8518 8250 9008 2476 7624 3140 2333 2909 2255 2317 4742 5278 3762 5937 6530 4609 6223 5071 6379 6255 1405 333 3365 9904 8718 1671 9332 747 9020 9268 8079 10223 4159 1970 4342 7547 3114 9395 3738 3242 5620 1332 2571 6949 2205 6684 4661 2988 3413 4405 10538 8225 5747 7880 6479 8410 1567 4913 4063 2079 702 5328 10284 6018 8820 4958 7755 1063 2763 6731 9485 233 1210 9742 4138 973 6268 8763 5363 8316 2808 10423 8469 2294 2613 8943 9242 4252 163 5146 5273 932 4840 6301 5663 3892 3294 2385 10563 597 343 9025 1209 9176 10452 3105 4301 6119 652 9695 10203 3728 8471 3426 874 4679 2287 9540 9585 2388 1372 3433 4836 4037 9141 1531 6315 2698 2608 6113 8145 4023 1217 2815 3496 7827 9148 5493 5673 9552 5488 2843 8455 5259 3897 6124 3482 10792 10432 2674 10802 5203 4868 371 3095 9530 3925 194 914 5541 174 483 1153 10147 4699 2718 3039 10501 9061 10696 10541 9923 8583 1484 1491 5453 4811 776 3656 386 696 1932 4612 7921 7907 10872 1267 9337 3577 10117 9497 7025 1665 5936 5964 34 8355 3104 3735 1544 2784 7728 7559 9906 9850 10821 5068 4681 3419 7801 5321 6322 6660 1966 2078 136 753 1527 4051 6176 247 9134 8458 6957 6733 10617 9383 7835 2787 9426 10395 3510 4862 7864 8312 544 3012 6108 5315 2926 988 3869 1165 6050 5154 9801 4865 9562 259 5037 8913 3151 8559 9678 581 2176 1159 2654 10371 815 3952 4587 4660 2422 9727 6537 8571 5581 1036 9259 2985 1715 1569 6045 2324 8704 4636 10616 8817 3260 4919 7459 7751 9688 6241 4370 1617 546 4144 4369 1051 6860 6276 2402 9296 2149 7655 9797 2601 2151 8787 8058 9226 6085 3186 6591 6468 2184 5687 6587 4204 5662 3326 9608 4517 8596 8842 6521 10404 8604 2481 10454 4237 2562 1855 4586 4094 8736 970 4570 5927 870 2415 5765 7179 1717 2701 4306 8949 1749 9924 9149 6059 10248 7420 7455 5487 2277 3880 7391 1930 3480 9660 1282 6938 6868 10804 6335 3129 6996 7029 3929 2458 8325 7902 8042 170 9108 4631 7786 7720 3031 5973 5128 5974 5694 10549 3562 1627 6206 6338 4827 9832 633 9830 10390 680 3765 7635 9366 9102 1235 2114 9623 2118 998 9529 3359 6508 3046 3574 8419 6661 2532 6653 8893 2720 4171 8762 4797 3741 4940 8456 5825 8472 3992 5449 2547 4254 1295 3407 1009 4866 10128 4834 2905 10880 5795 2381 8299 4075 8871 1157 1522 1221 5079 18 10188 6127 5180 2739 4036 8575 7845 8447 731 10853 1402 9524 529 5411 2817 4628 6088 4884 9427 72 8085 2730 9831 67 5255 1633 9602 1121 2924 10745 5608 5429 2116 10755 379 7623 2574 8647 5041 288 10562 31 6657 268 10131 6532 5741 4484 807 10313 654 10827 8464 10353 1516 8714 10296 1921 9275 1152 9581 124 4850 1072 7857 4350 1186 7047 3228 8585 2616 10641 1189 8745 6064 2189 8517 7684 4433 4608 5657 496 8511 4288 9650 6511 4744 6410 2023 1673 10464 9897 4756 2313 2478 8756 1401 8958 6843 7543 850 1984 1377 6263 5933 4266 8087 3862 8092 6692 9189 6921 8135 9252 9912 2357 5604 3165 5594 8394 3400 7936 5508 3274 1954 6175 10570 4559 10590 4990 4089 5906 10762 4341 6981 9428 638 1771 598 909 2711 9966 254 2207 7816 2922 9613 7347 9693 9071 5467 1846 10381 6475 6146 5045 2552 7084 2392 3636 10844 7197 1016 8828 9486 799 5785 7610 6105 3617 90 7384 8857 4122 2806 9291 10208 6558 9568 3655 10709 7010 4064 2645 5277 3196 1362 8662 2642 3579 360 7758 2761 5599 335 4497 8165 4454 5605 3731 10169 6262 5367 10580 10219 1895 5448 1981 10568 3427 1440 9254 155 618 1340 7099 10882 6927 642 4035 8009 3270 10579 9653 8209 7580 } 
 
|[21]| = 1361    { 21 997 8963 9673 8640 1079 930 3708 8040 9927 10847 8895 3852 2432 4498 8731 9029 3473 5698 1924 84 3988 3185 6025 1893 4316 3720 3943 10382 7041 10721 2913 4519 9728 7103 2257 3449 3003 1014 7696 336 5063 1851 2322 7572 6375 3991 4883 8861 6386 10217 763 7187 6245 6634 9028 2907 1123 4056 9006 1344 9363 7404 9288 8510 3722 5075 8643 2777 3766 8201 3052 6970 3202 4758 3445 739 4492 5335 3357 5376 4785 7838 4485 1373 3999 9411 1905 219 4175 137 1319 6102 1919 8143 2891 2956 7079 10451 2539 10615 8251 9574 7051 5492 5107 4977 7620 876 5811 548 5276 2630 7676 10794 675 935 6538 9137 10156 9793 337 5629 6426 190 9539 9019 8702 3504 1466 2192 10215 10520 8926 10509 2700 3740 4374 3881 7957 6505 1348 738 3926 760 5489 3409 2141 3127 5864 8768 8193 9413 3037 9369 10800 4071 6607 4635 10050 4242 5392 2952 4815 3040 178 2747 8564 1619 1678 2405 105 4985 1259 4809 10533 5395 4650 7651 7533 6079 10679 919 8371 1271 712 99 1589 6476 6712 9620 420 9051 5036 8347 9465 10691 7711 8826 8354 2538 10049 3676 817 5084 2848 396 6356 4126 5070 5813 1680 3537 9255 721 5193 10097 9066 2637 749 10152 7529 3815 3268 9447 503 1584 3646 5615 9391 1474 6720 3259 4353 2884 9883 7721 3597 10548 2996 7941 8338 4371 2183 5121 2012 6336 3695 682 4897 5896 5102 2147 6523 647 6865 9106 3499 9525 1095 9986 685 6595 8732 9595 8048 3566 3891 2728 8699 1806 9519 8588 4314 2588 5682 3757 3107 5433 4380 7277 2740 4602 2261 5713 10414 3375 4675 23 2129 7224 5409 1685 6367 10352 950 4139 1539 10843 6631 7330 71 7519 9044 1074 8989 2611 7811 92 8516 7118 10747 6740 3690 8741 3800 5667 6156 10705 4746 7542 284 8298 3509 4296 3289 10444 9466 368 1397 6694 10321 5182 3871 2297 4311 890 2846 10153 8095 8390 1136 525 3147 6295 2267 9109 5197 1472 5588 4998 8617 9839 4595 9188 6355 3560 495 7945 10602 893 4544 2100 1699 3402 9068 3769 9899 5888 574 9103 1801 6689 7491 4085 3642 3351 1980 10002 9741 3572 7287 8400 6796 2719 3605 4187 6929 1774 2296 3745 7204 4978 8186 5451 3679 2515 7920 7341 6297 3399 7370 933 5406 10876 3531 5859 5938 7096 9184 4091 7038 9023 77 26 3827 10060 9902 7586 3410 2707 7702 3732 10735 10837 3235 1658 1974 6606 4069 5475 6374 3425 308 104 4419 7573 6941 8566 2751 10828 9030 4039 10273 10681 2051 6632 7896 4646 5387 122 3718 2811 1232 416 6787 8514 5986 1597 115 10645 3453 5267 8425 10057 8204 4750 9806 7695 10659 488 3983 355 4928 1664 5370 1389 2166 6388 460 9913 2923 10179 1033 7561 149 8111 6557 9002 9969 1952 5043 1420 8823 6656 10591 5556 8664 3774 1840 6985 803 8049 4132 8466 596 10666 4450 3341 7209 7808 9283 5680 2625 4846 9697 446 1989 4207 7360 6162 3212 10418 5639 1197 2384 9997 6911 2475 7058 9454 4465 942 10500 8495 6121 1784 7956 5939 7662 2870 1959 9005 778 4788 9536 7321 5866 9900 6454 5149 6971 3768 9333 1313 2706 7136 10046 1978 8870 591 7836 3353 3112 8263 5477 7506 1686 6933 4038 9707 6106 4183 4665 5252 10824 6766 7517 7912 2813 2364 9566 2523 1559 385 130 8246 6744 5954 5263 6161 2646 5843 7771 10119 10629 5286 8290 9870 363 9456 5597 10092 6236 1540 520 317 5198 2038 10163 2866 10584 1594 9306 7809 9849 10255 493 6813 1452 5157 610 7701 3166 6160 2080 1268 9903 8152 7985 575 9669 6376 4557 9458 6729 8353 1972 5474 5808 9739 2440 9026 1775 2862 8320 5072 6945 10830 10162 2300 6009 3726 7339 5165 5138 745 7888 118 1454 6289 9760 3437 7100 559 613 9399 6002 10653 7981 9200 2258 4015 7578 9771 9663 2980 9774 472 5816 3378 6373 2859 6622 2236 2452 4929 2230 9945 10146 4133 9032 5171 8534 6417 5985 1031 6429 1888 1486 2623 3714 547 4710 8944 9808 8827 8920 7113 7917 5643 3461 9795 1469 3890 2162 4124 3938 7552 5944 10492 3967 2188 7951 3109 6565 2641 3013 6674 9890 794 2955 6513 5876 4671 8648 5607 4863 8430 1998 9301 4979 8752 10026 1547 4482 10564 1163 4918 6893 3176 931 4274 1726 7795 1925 650 8563 1053 7992 4537 9027 2341 7437 6188 7039 9589 4652 8783 5794 1815 3724 6207 6904 9402 7700 2600 1585 4212 10190 7259 3441 9364 7970 2974 6378 5689 7719 2465 1398 7260 4007 3050 5838 4941 9022 10400 6340 5959 8093 7258 2875 4789 10102 1007 3734 978 9098 9860 5592 7262 5139 1311 1574 8875 3421 8933 3582 2058 10594 7254 611 8267 7741 4028 4047 3912 3725 6773 590 7270 9667 5244 6296 2833 2795 3065 3439 8232 9709 7238 2444 401 9186 5223 5299 4759 4011 5314 2360 7302 6001 10087 3406 443 291 1371 2867 261 6169 7174 9776 1604 4077 10003 10307 8147 5155 10367 9440 7430 2226 7681 2735 1772 1164 5484 579 1044 2898 6918 6437 6416 5419 7345 8561 10810 9731 8801 5093 7942 8904 8946 51 7088 4656 158 2316 4176 703 5894 3970 3886 10787 7602 1577 10573 6257 2537 9483 9990 2949 3117 204 6574 7735 632 9264 5815 2812 1798 4991 4655 10481 8630 6308 9625 3250 10148 5265 7293 907 1579 816 4518 9162 2528 4389 1482 359 7192 9075 7731 9257 1853 3454 5833 2111 7925 10171 7394 3628 6316 3264 7183 3981 10112 6667 5928 1436 6990 3633 9146 4361 7412 2927 1554 8444 9922 8017 7798 3623 3486 2167 6954 5035 7781 4890 1934 5744 6182 3643 3917 6555 7870 819 6216 1109 7021 10290 9414 3603 3055 8668 6038 9251 9346 8671 7736 1198 2950 3683 4779 4442 9702 3276 3086 4436 6306 8493 4989 3523 1331 2005 2374 4337 4717 2017 9166 4792 911 3843 8227 6879 6141 2215 1455 6855 3446 1305 9067 3203 5324 8020 9496 6459 7979 8068 3997 8279 3644 4483 241 5738 2786 8860 5820 5642 2895 5220 3601 1923 10407 10302 5317 4058 10138 10494 5099 449 3687 7043 964 1174 255 2773 1502 790 691 9991 3515 7692 8961 8541 10379 5343 7885 9309 9507 1796 3859 6394 3856 4696 1020 203 6008 3160 2764 7297 3171 8990 3177 1497 8849 10483 9762 4569 5361 7184 4547 3798 4535 7895 4080 812 2254 1751 167 7410 1795 3293 1819 5988 2729 9265 6381 7387 10555 6958 7299 4303 7251 9802 5431 3248 9016 7004 668 7862 7180 2283 7276 2174 27 4393 3746 7770 9553 6054 7418 6323 7226 6541 10835 2103 3397 6238 2672 9670 6942 9132 7326 8696 108 6683 4095 9302 5545 2438 7894 3514 7126 4386 10673 8412 2699 3174 10688 6013 5990 3861 7526 2117 432 4954 5491 4541 402 9752 9798 3167 6726 6655 10025 981 10796 1807 10085 2274 2182 4555 8326 8468 1728 8927 186 7275 1608 6341 6525 1779 5126 4842 7433 3924 10517 7228 7673 9096 8728 7331 637 1205 6912 3041 744 7322 6432 3586 4322 7116 9615 8479 7954 4807 9401 7134 8914 3717 2245 7546 2548 4820 5870 1275 2976 7510 3950 3455 6399 6686 5793 1249 10038 8339 4937 6758 2989 3979 8980 8406 10192 8391 1702 5100 1015 8262 4911 2931 3818 4966 1394 4996 7485 689 8859 5254 1067 5027 3253 957 8101 897 6808 9511 4060 381 8755 835 4383 8975 5576 9095 8162 2756 2769 10127 4268 9219 2123 3828 10626 3588 5454 5377 5351 1524 2353 3340 6643 3233 526 3713 10870 135 187 7841 6183 4209 8492 4423 9837 3463 38 10619 10515 6096 9412 2471 4794 2043 2104 3963 10813 540 748 9586 2954 5947 1301 6803 6681 2963 152 9809 9393 2606 4981 9884 8287 8172 8416 4963 10585 2160 2992 5677 927 2010 5204 5434 4946 963 608 6569 4905 10424 9035 6869 481 } 

Time: 2671.33 ms

==========================================================================================================
